{
  "advancedEditorSelectedIdentifier" : "ProjectBrowser",
  "openSceneRelativePaths" : [
    "Scene.usda"
  ],
  "recentIdentifiers" : {
    "26DBAE76-5DD8-47B6-A085-1B4ADA111097" : [

    ]
  },
  "sceneCameraHistory" : {
    "26DBAE76-5DD8-47B6-A085-1B4ADA111097" : [
      {
        "date" : 736295708.666573,
        "title" : "Untitled",
        "transform" : [
          0.998521,
          -1.7924425e-09,
          -0.05436774,
          0,
          -0.010506521,
          0.98114973,
          -0.19296333,
          0,
          0.053342886,
          0.19324915,
          0.9796986,
          0,
          -0.016026765,
          0.1466812,
          0.394272,
          1
        ]
      },
      {
        "date" : 736295690.922822,
        "title" : "Untitled",
        "transform" : [
          0.9985706,
          -1.8291575e-09,
          0.05344876,
          0,
          0.009695505,
          0.98340976,
          -0.18113887,
          0,
          -0.052562043,
          0.18139817,
          0.9820041,
          0,
          -0.05897529,
          0.14187428,
          0.41244417,
          1
        ]
      },
      {
        "date" : 736295688.42991,
        "title" : "Untitled",
        "transform" : [
          0.9979276,
          -1.8915678e-09,
          -0.06434694,
          0,
          -0.013499566,
          0.9777457,
          -0.20935869,
          0,
          0.062914945,
          0.20979348,
          0.9757195,
          0,
          -0.010388109,
          0.15381838,
          0.41224802,
          1
        ]
      },
      {
        "date" : 736295682.14222,
        "title" : "Untitled",
        "transform" : [
          0.9754891,
          7.522084e-10,
          0.2200478,
          0,
          -0.020358283,
          0.995711,
          0.09024986,
          0,
          -0.21910404,
          -0.09251755,
          0.9713053,
          0,
          -0.1322472,
          0.023932636,
          0.41911793,
          1
        ]
      },
      {
        "date" : 736295676.374478,
        "title" : "Untitled",
        "transform" : [
          0.9754891,
          7.522084e-10,
          0.2200478,
          0,
          -0.020358283,
          0.995711,
          0.09024986,
          0,
          -0.21910404,
          -0.09251755,
          0.9713053,
          0,
          -0.14261281,
          0.053803913,
          0.4196249,
          1
        ]
      },
      {
        "date" : 736295667.230124,
        "title" : "Untitled",
        "transform" : [
          0.9683741,
          2.5519853e-10,
          0.24950305,
          0,
          0.113518536,
          0.89050245,
          -0.44058943,
          0,
          -0.22218305,
          0.45497856,
          0.8623394,
          0,
          -0.163658,
          0.36745286,
          0.44475266,
          1
        ]
      },
      {
        "date" : 736295663.613515,
        "title" : "Untitled",
        "transform" : [
          0.9683741,
          2.5519853e-10,
          0.24950305,
          0,
          0.113518536,
          0.89050245,
          -0.44058943,
          0,
          -0.22218305,
          0.45497856,
          0.8623394,
          0,
          -0.163658,
          0.36745286,
          0.44475266,
          1
        ]
      },
      {
        "date" : 736295657.624472,
        "title" : "Untitled",
        "transform" : [
          0.9683741,
          2.5519853e-10,
          0.24950305,
          0,
          0.113518536,
          0.89050245,
          -0.44058943,
          0,
          -0.22218305,
          0.45497856,
          0.8623394,
          0,
          -0.12144804,
          0.2427823,
          0.52140534,
          1
        ]
      },
      {
        "date" : 736295650.674711,
        "title" : "Untitled",
        "transform" : [
          0.9683741,
          2.5519853e-10,
          0.24950305,
          0,
          0.113518536,
          0.89050245,
          -0.44058943,
          0,
          -0.22218305,
          0.45497856,
          0.8623394,
          0,
          -0.12144804,
          0.2427823,
          0.52140534,
          1
        ]
      },
      {
        "date" : 736295635.075636,
        "title" : "Untitled",
        "transform" : [
          0.9683741,
          2.5519853e-10,
          0.24950305,
          0,
          0.113518536,
          0.89050245,
          -0.44058943,
          0,
          -0.22218305,
          0.45497856,
          0.8623394,
          0,
          -0.12144804,
          0.2427823,
          0.52140534,
          1
        ]
      }
    ]
  }
}